0.07011602226953373	
-0.011414222553800684	
-0.16961047735341642	
-0.4926897079889143	
3.161242476773526	
0.07181386213879506	
-0.6369496197377712	
-0.08531380435944559	
1.379624415486659	
-0.0747727530697247	
-0.2026692448887164	
-0.15540920126482147	
-0.3064429584593226	
-0.11262709592444288	
2.3373288161584336	
2.049722997562942	
-2.817829179606562	
0.00919363067992797	
0.786933048936649	
0.11466065377941194	
0.5073239416852493	
-2.677866890083342	
-0.2106629454133973	
0.009486880447775514	
-0.06488237144082987	
